!vault |
$ANSIBLE_VAULT;1.1;AES256
35353166393038336335333733613963653137643537623031356130313436663936363831353735
3338373930346239313236326136346335633962356430320a313034663630663532316565383366
66616139636339616362653233653330323630633434366333373339633262353465336236616264
3865383334336238660a333264346263326664363330393966303766393465336339383431376661
39643066326163386166633464653664666166643664353464643630313064373535643036633561
37306136356264633034396638656364663065336533623361376239616632613530363461316161
33386536666230326634376166326566356338643261336334323362316435643135623162633639
62316132633034636630356131346235373331393439656166633761656566663536333734653130
64326538316163323432393361393630643138636661353536323465393634353734383561643033
31376631343162303930663336663463313361373536323663393330346565623164336666663062
62383232353563376539613739373665643461336264336639323038303038356435626436663534
62356638666135643861653235636261303661306234663332636136373462356538316234366164
30633331626234393333353664613836316436333263663235333963663764353732383438326561
65393835383430326163313161373538396132373865656638333462366632303630633936356663
33383337353739323737366562626236316261306632393036316636376363656339303262336132
66343034396265666161396165363763653232643364653531323239363636666263643662393863
31306330376433653937663562386232653831333332653266623362303539386232366339393233
31346238346431333462303737626532636561646439643332653066343863653765383430616635
66373764336334343763313461616432653335303431303039636139303861376232353536346161
34343564653635393835363663383438336136653363363030373032393230306634636163626239
30356531633134343466393131653930393337633733343332633239623665376562326262356161
34353364373630643639626133333837353437623366653864626263323237373464313637313739
39356465323936333130653737386265383130653737663834313165653330343233643533633563
30343237386638366330656538616133656131653132383338353234636366346166346666353438
35336566656433393131343263366262303938366639623266643563316134623463313763623035
64356366333263633665306335326130343637646435346337386330323862366666343062396362
61323539313133326463303630373766343766386436323835366264353430366330336131303466
31646561643332353436363335663534616464623434313062383034323031343161326437613336
33363536346637633131633963623030393038313137623964613033373264646634353437643638
64396666643061323237306330666235333835616563616230386362613338616530623333616531
63373435613032613236306162303636643366343964643136653633393036623563316466643233
36336265323761343361366634346236306162373266386233386366356436393862363263346165
65383063643534356134663331663635636136623131386230656536383736346636303333356665
61653734313237616539303233626337633566636463393436356238366166306531636335343466
30623035646638626362323834373733636266633339373463306661343461316437646234323631
35306131643636303438653961653033376435663836643664363162383066386531663839366666
35623364313333633030303832343231633362616236313564363662346230393039306265636437
38623130616233396536353233663335633161636539393264333536643631626561643066616231
37636632363765333539653333643433643433356362396639623465363234353065353765333164
61373835336566336661323837613462353765363136623038623036363337313431306363663037
65353564386261643965383939386436343863383966306266366233656337366263633137323462
33653530376461336333363436363064383561656232333030343330643332396639613964306331
35653137366462383461623939336563393932363836363534636164373438343037343938353034
37663936626333396535626437333136646636656332363162336431353562646434616563623461
38353238613631616232653935653133323336323333336362663038663136656138303336346266
32333661656433303235356535353339313231656438326437626332343964623365303936383161
65663961363332383465333133313665343830363231313436663066663332613562626234626137
30323538623335323331616536393166333539313433643735643063326564356433383161646566
31366439313661353338313239393334393066363836343931313239316262383637616638316232
31346132373663316431356635356639316138333337616137303962623238643331333263613863
62356532343330636164666235363537363666383463643035653166343833623539303134303132
63353236366237643630626535303766646438326462386339386334373734363330663561373131
63613733383834346464623964323037353039353437306337656662396130633031306232343133
63666433656530366133306261633562366132663531356432333239326130303865353631343230
32643365356462636236663064353636653736343365633430633635343931383831356531626466
36623234656563393963643065336638383461383131376239306462386163663231343831376366
34376433393834333030323033353461363537663065306430656230386333363564393664373137
64356334626132386239313233373136346365613536373534373239333335316533363363636533
63356264326634356162666437336231623263393163653739343233663439666533613965633039
35663539343136643466643762313332323330623266396137633336393665373261626162393361
30316531383630663036633436366566613334396138666564353966313436643330323561336430
31366464366636323061636331323838653364353264343937373263666536633839626533316430
33316465623732666434386665373265323865376164393934353262663533343863616430346235
65386665306365366161613534623330306663316364633439663862383761353836393761303230
65643331623136393030396265306432376434636339396437316134336630376137336165386137
65626130393362366532383164613135653463396530373338623039633262313032346638653961
31346365613036323330636634393466376238643230653962373535363334326162393763313831
33316139663864346132663335663037653535313734313230346563656537346532363231303330
34343664313837366335646136363837303262666139313139303464646263343266376666323030
33323038323564336432633638383266333862613361306366313833366230666232353731626235
66393562323133623263653037626462393764366563303264323032393266343064343363356661
62623039373163373538323766326334653837343130366361383033343131303765386663366564
32636239376363346431616366363865303462373330306662626138323535633831326336383737
30636232653163376566643531373061386165316534333763316466336437313534373866646561
61643135363264643963333866646232383930393561366166336231353263396539613962616638
39353834626266656561393965393634623138653530313935326138643137333631316463396465
32333261303036623931636435633664363962323033383461653862373731623636633463353134
38626134383863356233373932376637666435306366636338376139633861346366343534323366
38386363663130653835366262373335396334396135316136313064653436323234323662346136
32336261393136386533313335333331363464616638303339613666316432343634656361636637
31663861363865303535343136323139306264343336376139323930653136303161623330613535
30666538396338316566643032313930376533646162303239633835663265376435396234323231
63666463393164323366323866326437626364313636656365313334653166646234396531656630
64626538363565613839343134616433666632393731346531353734313762396136393837613439
38656663666334623335363539396638333162386664383366656331306261643634313762646461
64636261383035393338623533623165646265393238366664663538353632303066356230626636
37326263373133613432343736336636613736303964666363356165666535386636636339666136
63393336653533333238